
[414.30519481  76.64285714 459.75974026 205.21428571]
[440.27922078  87.03246753 490.92857143 214.30519481]
[423.3961039   76.64285714 483.13636364 206.51298701]
[429.88961039 111.70779221 476.64285714 232.48701299]
[402.61688312 194.82467532 476.64285714 318.2012987 ]
[428.59090909 102.61688312 483.13636364 233.78571429]
[302.61688312 203.91558442 379.24025974 315.6038961 ]
[461.05844156  94.82467532 522.0974026  211.70779221]
[413.00649351 216.9025974  477.94155844 323.3961039 ]
[390.92857143  79.24025974 437.68181818 205.21428571]
[442.87662338 149.37012987 498.72077922 275.34415584]
[322.0974026  115.6038961  398.72077922 245.47402597]
[368.85064935 107.81168831 431.18831169 227.29220779]
[411.70779221 100.01948052 454.56493506 225.99350649]
[288.33116883 118.2012987  358.46103896 235.08441558]
[233.78571429  85.73376623 307.81168831 196.12337662]
[305.21428571 161.05844156 371.44805195 277.94155844]
[233.78571429 229.88961039 314.30519481 319.5       ]
[349.37012987 176.64285714 410.40909091 284.43506494]
[342.87662338 111.70779221 401.31818182 231.18831169]
[248.07142857 184.43506494 323.3961039  288.33116883]
[311.70779221 125.99350649 379.24025974 237.68181818]
[348.07142857 161.05844156 405.21428571 270.14935065]
[411.70779221 154.56493506 474.04545455 268.85064935]
[313.00649351 214.30519481 384.43506494 315.6038961 ]
[301.31818182 179.24025974 371.44805195 283.13636364]
[422.0974026  129.88961039 475.34415584 250.66883117]
[258.46103896 150.66883117 337.68181818 263.65584416]
[427.29220779  57.16233766 472.74675325 181.83766234]
[227.29220779 111.70779221 309.11038961 220.7987013 ]
[338.98051948 110.40909091 402.61688312 227.29220779]
[403.91558442  88.33116883 464.95454545 201.31818182]
[415.6038961  144.17532468 464.95454545 264.95454545]
[437.68181818  61.05844156 498.72077922 188.33116883]
[384.43506494 206.51298701 446.77272727 319.5       ]
[367.55194805 193.52597403 435.08441558 311.70779221]
[257.16233766 194.82467532 341.57792208 307.81168831]
[332.48701299  54.56493506 392.22727273 177.94155844]
[319.5        111.70779221 392.22727273 237.68181818]
[409.11038961  98.72077922 462.35714286 225.99350649]
[403.91558442 110.40909091 458.46103896 233.78571429]
[310.40909091 205.21428571 385.73376623 310.40909091]
[416.9025974  123.3961039  474.04545455 248.07142857]
[215.6038961  216.9025974  306.51298701 328.59090909]
[280.53896104 106.51298701 355.86363636 231.18831169]
[351.96753247  76.64285714 415.6038961  196.12337662]